SampleNumber	0	1	2	3	4	5	6	7	8
SampleName	None	A81E7THY1POS	A81E7THY1POS	A81E7THY1POS	A81E7THY1POS	A81E7THY1NEG	A81E7THY1NEG	A81E7THY1NEG	A81E7THY1NEG
L5T1101	3.085868	14.66193	9.093314	19.32671	13.61055	9.844442	12.19328	12.00652	6.177377
L5T1102	3.051329	14.71882	9.133432	19.27317	13.56287	9.826067	12.21871	12.01942	6.196184
L5T1103	2.950563	14.67803	9.143055	19.36897	13.58107	9.883551	12.18976	12.02491	6.180091
L5T1104	2.925621	14.72584	9.135183	19.34285	13.58115	9.892453	12.18584	12.05248	6.15859
L5T1105	2.848407	14.7607	9.146681	19.3425	13.59092	9.867686	12.17757	12.06385	6.20169
L5T1106	2.825792	14.75196	9.153833	19.33064	13.61702	9.86228	12.20141	12.06383	6.193238
L5T1107	2.76989	14.75188	9.146689	19.39083	13.5861	9.892599	12.18247	12.06468	6.214864
L5T1108	2.742601	14.73757	9.128944	19.33743	13.64911	9.896435	12.18006	12.10977	6.218079
L5T1109	2.733	14.77046	9.150034	19.38393	13.6131	9.901284	12.14644	12.09189	6.209863
L5T1110	2.74897	14.75872	9.191864	19.30752	13.65003	9.883441	12.18659	12.08628	6.186594
L5T1111	2.703849	14.77808	9.188518	19.36988	13.64368	9.909019	12.1189	12.07957	6.208506
L5T1112	2.690747	14.8059	9.191323	19.33232	13.62118	9.930924	12.15552	12.07585	6.196232
L5T1113	2.664665	14.84951	9.207755	19.29378	13.62455	9.915302	12.16128	12.07145	6.211708
L5T1114	2.673204	14.83857	9.180937	19.36904	13.64098	9.919351	12.09135	12.08906	6.197505
L5T1115	2.636971	14.85752	9.193656	19.39088	13.64323	9.927602	12.09817	12.04394	6.20803
L5T1116	2.575927	14.89057	9.188601	19.43376	13.71695	9.902154	12.03803	12.02968	6.224323
L5T1201	3.085443	14.67083	9.141068	19.32154	13.57675	9.824678	12.18792	11.9971	6.194674
L5T1202	3.034577	14.71095	9.102402	19.33597	13.57742	9.817391	12.19371	12.03586	6.191714
L5T1203	2.969103	14.71633	9.133741	19.34179	13.56877	9.845996	12.18984	12.03727	6.197169
L5T1204	2.91189	14.73051	9.164191	19.35056	13.58633	9.851413	12.20093	12.02523	6.178942
L5T1205	2.866656	14.73196	9.146657	19.37868	13.61594	9.860989	12.16073	12.06179	6.176609
L5T1206	2.825104	14.74325	9.195838	19.34502	13.56361	9.875658	12.21887	12.05083	6.181815
L5T1207	2.777916	14.72936	9.171943	19.40057	13.59016	9.890623	12.19452	12.04887	6.196042
L5T1208	2.762151	14.7558	9.138866	19.36667	13.6377	9.892511	12.19322	12.03388	6.2192
L5T1209	2.743865	14.76196	9.164054	19.3734	13.59849	9.907661	12.18942	12.05911	6.202046
L5T1210	2.740172	14.76599	9.165638	19.33442	13.62871	9.89812	12.16001	12.0881	6.218848
L5T1211	2.720156	14.7969	9.168254	19.34421	13.62172	9.881483	12.19871	12.08571	6.182853
L5T1212	2.702954	14.81852	9.152605	19.38656	13.58828	9.890462	12.19909	12.07726	6.184262
L5T1213	2.684931	14.82413	9.189401	19.36876	13.61366	9.917396	12.11672	12.08498	6.200027
L5T1214	2.682004	14.78422	9.169542	19.40712	13.59222	9.89129	12.14655	12.12722	6.199831
L5T1215	2.619853	14.85334	9.16204	19.40485	13.6652	9.91455	12.09306	12.07496	6.212153
L5T1216	2.587871	14.88487	9.176197	19.39476	13.68136	9.949181	12.08165	12.0428	6.201315
L5T1301	3.037917	14.68128	9.134357	19.32241	13.58485	9.876884	12.17499	12.00377	6.183536
L5T1302	3.038264	14.7016	9.144072	19.32396	13.58956	9.833172	12.16616	12.02168	6.181519
L5T1303	2.946673	14.71796	9.159784	19.34261	13.57065	9.852476	12.18484	12.02435	6.200667
L5T1304	2.878682	14.71464	9.169372	19.3303	13.62017	9.860497	12.18833	12.0304	6.207608
L5T1305	2.810653	14.76302	9.198755	19.38826	13.59862	9.845733	12.20338	12.02108	6.170505
L5T1306	2.811879	14.77729	9.173995	19.33746	13.62	9.845747	12.19893	12.03833	6.196367
L5T1307	2.763243	14.76335	9.156489	19.35897	13.64166	9.875776	12.21431	12.05743	6.16877
L5T1308	2.740523	14.79635	9.167134	19.37625	13.65404	9.888279	12.13896	12.0337	6.204758
L5T1309	2.718733	14.82033	9.162509	19.36035	13.60497	9.872908	12.16104	12.09225	6.20691
L5T1310	2.714462	14.77144	9.187659	19.36543	13.58664	9.879972	12.16945	12.09211	6.232833
L5T1311	2.699029	14.77661	9.16885	19.368	13.64273	9.906594	12.15137	12.08003	6.206791
L5T1312	2.683956	14.83472	9.18447	19.37274	13.6121	9.930695	12.09585	12.08432	6.201148
L5T1313	2.641184	14.78007	9.21386	19.32941	13.65003	9.89923	12.1668	12.11289	6.206515
L5T1314	2.648675	14.82303	9.195798	19.39532	13.63474	9.87888	12.1101	12.0954	6.218053
L5T1315	2.584557	14.86642	9.159765	19.38998	13.66244	9.949654	12.09063	12.06442	6.232139
L5T1316	2.57283	14.89508	9.191792	19.42377	13.74301	9.930151	12.0096	12.01213	6.221625
L5T2101	3.135885	14.69605	9.113699	19.29879	13.52167	9.838174	12.20269	12.00693	6.186111
L5T2102	3.137921	14.7165	9.129204	19.29491	13.53451	9.835965	12.16604	12.01411	6.170837
L5T2103	3.032173	14.75185	9.110693	19.35646	13.55697	9.817723	12.19951	12.00365	6.170967
L5T2104	2.955595	14.68237	9.130096	19.29121	13.64325	9.840054	12.21653	12.04383	6.197068
L5T2105	2.901987	14.69688	9.161226	19.39316	13.60685	9.830632	12.18093	12.05988	6.16846
L5T2106	2.838766	14.71909	9.171407	19.35267	13.64343	9.861831	12.19955	12.02989	6.183373
L5T2107	2.808791	14.68755	9.190207	19.42345	13.64774	9.838038	12.18382	12.02758	6.192825
L5T2108	2.780596	14.77096	9.159633	19.34557	13.58459	9.878956	12.19799	12.07668	6.205027
L5T2109	2.75278	14.76941	9.147746	19.41388	13.63109	9.894371	12.15149	12.03244	6.206798
L5T2110	2.745657	14.73781	9.151774	19.39248	13.60135	9.88741	12.16668	12.08582	6.231017
L5T2111	2.713068	14.76581	9.201084	19.38508	13.63142	9.847241	12.15605	12.104	6.196253
L5T2112	2.680176	14.80152	9.177345	19.40254	13.60788	9.900632	12.17232	12.03765	6.219946
L5T2113	2.68208	14.80229	9.148544	19.41299	13.65521	9.873505	12.15491	12.0541	6.216371
L5T2114	2.640404	14.85383	9.180596	19.4174	13.65295	9.860716	12.10169	12.0933	6.199116
L5T2115	2.618666	14.85257	9.141164	19.45406	13.69395	9.913226	12.08136	12.07243	6.172571
L5T2116	2.571673	14.88379	9.168483	19.42938	13.70891	9.975991	12.07745	11.99745	6.186871
L5T2201	3.129287	14.67519	9.092646	19.32086	13.52909	9.835732	12.21835	12.03352	6.165327
L5T2202	3.135157	14.62577	9.100995	19.32802	13.59104	9.834309	12.1978	11.98752	6.19939
L5T2203	3.04346	14.724	9.106106	19.413	13.557	9.806491	12.21507	11.97254	6.162331
L5T2204	2.966354	14.681	9.160203	19.38556	13.56558	9.825549	12.22549	12.0181	6.172174
L5T2205	2.917558	14.74217	9.148396	19.39881	13.53641	9.861828	12.20355	11.99746	6.193821
L5T2206	2.856223	14.71307	9.150945	19.36171	13.56337	9.870066	12.21115	12.05765	6.215826
L5T2207	2.82463	14.75292	9.150694	19.43239	13.59934	9.858428	12.17548	12.03846	6.167663
L5T2208	2.787592	14.72521	9.16539	19.42909	13.58327	9.882009	12.18067	12.04863	6.198146
L5T2209	2.752667	14.76154	9.178448	19.35581	13.59848	9.886504	12.19062	12.08188	6.194043
L5T2210	2.774604	14.78764	9.164069	19.39799	13.6104	9.853005	12.15877	12.04632	6.207206
L5T2211	2.719056	14.75853	9.194477	19.42865	13.60931	9.8664	12.1727	12.05439	6.196491
L5T2212	2.729205	14.80545	9.187136	19.38761	13.61039	9.848612	12.16918	12.05606	6.206368
L5T2213	2.700204	14.79419	9.181672	19.40483	13.59483	9.893931	12.18029	12.08155	6.16851
L5T2214	2.686909	14.77459	9.18021	19.43756	13.62416	9.880539	12.15974	12.05155	6.204754
L5T2215	2.67002	14.80423	9.155952	19.4427	13.6586	9.922327	12.11248	12.0554	6.178297
L5T2216	2.553037	14.87197	9.198846	19.44837	13.74236	9.927566	12.05398	12.01059	6.193279
L5T2301	3.101048	14.64936	9.13007	19.30428	13.52369	9.863674	12.20365	12.03685	6.187383
L5T2302	3.106544	14.65316	9.111418	19.34236	13.56801	9.841303	12.19252	11.99733	6.187345
L5T2303	3.019055	14.72603	9.139411	19.30102	13.56967	9.833009	12.17099	12.04931	6.19151
L5T2304	2.946868	14.70638	9.141773	19.38312	13.56445	9.807496	12.18879	12.05412	6.207013
L5T2305	2.886459	14.7513	9.161581	19.39102	13.54961	9.84515	12.1568	12.06802	6.190067
L5T2306	2.825758	14.74656	9.160173	19.41574	13.60005	9.82091	12.17354	12.06494	6.192316
L5T2307	2.757033	14.78692	9.153836	19.42567	13.61207	9.846666	12.18368	12.04835	6.185781
L5T2308	2.758524	14.74091	9.208479	19.37834	13.62647	9.853362	12.20057	12.04485	6.188491
L5T2309	2.714266	14.78307	9.153412	19.36776	13.64488	9.891846	12.15098	12.06996	6.223815
L5T2310	2.733793	14.79318	9.148713	19.38992	13.61376	9.884533	12.18856	12.04932	6.198214
L5T2311	2.702	14.78374	9.149693	19.40765	13.62544	9.894891	12.1794	12.07007	6.187119
L5T2312	2.677975	14.79453	9.197663	19.40059	13.61461	9.930704	12.12156	12.07707	6.185296
L5T2313	2.655551	14.82693	9.158742	19.33977	13.6396	9.939479	12.12775	12.10411	6.208069
L5T2314	2.651085	14.80918	9.193356	19.38095	13.61706	9.921088	12.11738	12.0828	6.227095
L5T2315	2.629503	14.81799	9.18745	19.40261	13.62804	9.956556	12.10602	12.04667	6.225156
L5T2316	2.562728	14.90982	9.212477	19.40257	13.70479	9.983632	12.01136	12.01165	6.20099

### Most Popular Unknown Index Sequences
### Columns: Index_Sequence Hit_Count
CTTTGAGA	192163
CTTATGGA	111904
TTATGAGA	91427
TCTGCGCA	83186
CAGTAAAA	82002
CCTGCGCA	78802
GAGATCTA	77954
AAGTAAAA	59561
TCCGCGCA	53980
TCCTCGCA	51377
TCCTGCCA	51147
CTATGAGA	48873
AGACATAA	43494
TCCTGGCA	42886
GACCATAA	39949
GAGGACTA	39923
ATGACGCA	38479
ATACCGCA	37097
ATGACCCA	36257
AGGATCTA	36166
GCTAGCGA	35517
GAGGATTA	34516
GAGGTCTA	32261
AACCATAA	31920
GGGATCTA	31378
CTTAGAGA	30896
CTCGTTTA	27863
AAAAAAAA	26044
CTTATAGA	23957
GGCTACGA	23212
AGACCTAA	22170
TGACCGCA	20821
TTATTAGA	20292
AAAACAAA	20104
GGCAGCGA	19045
AGCCATAA	18830
GGCTGCGA	18558
TCTGTTTA	18507
ATGCCGCA	18435
TTCGTTTA	18151
TCCGTTTA	17981
TCTCTTTA	16666
AGACCGCA	16287
TCCTGCAT	15975
GGCTAGGA	15749
GGTAGCGA	15369
CAATAAAA	13868
CAAAAAAA	13525
CTGCGCAT	13004
GAAGAAAA	12880
GAAGAACA	12324
AAACCAAA	12148
AGAACAAA	12124
AAAGAAAA	11819
CAACAAAA	11672
GGATCTAT	10849
NNNNNNNN	10763
TCGTTTAT	10521
CAAACAAA	10357
AAACAAAA	10202
ATAACAAA	9939
CAGTAAAT	9669
AAAGCAAA	9655
TTTTTAGA	9438
TCCCTGCG	9005
GAGGCTAT	8968
GATCTATC	8696
AAAGAACA	8546
AAACAACA	8096
AAAATAAA	8038
CGACTAAA	7978
AGAAAAAA	7449
CAACCAAA	7192
GAGTCTAT	7087
CTTGAGAT	7087
TGCGCATC	7029
CTAATAAA	6931
ATAATAAA	6688
ATGACCAT	6553
TTTTTAAA	6536
GAGGAATC	6514
AAACAATA	6483
CTTATCTC	6441
GAATCTAT	6430
CCTTATGA	6427
GACTATCT	6356
GGCTAGAT	6165
GGCTATCT	6102
ATGACCCG	6068
CTTATTAT	6023
CTTTATGA	5982
CTCCTGCG	5892
CTAACAAA	5776
GAACAACA	5733
AGACAAAA	5719
ACCATAAT	5708
CGACAAAA	5611
AAAAAACA	5470
CAAGAACA	5460
AGACCAAT	5393
CTTATAAA	5384
AAAGCATA	5375
CAAGTATC	5326
CGAACAAA	5290
TTTTTTGA	5283
CTTTGGAT	5261
AAACCACA	5244
TCCTTGCG	5224
CGACCAAA	5144
CGAATAAA	4935
GAGGTATC	4821
TTATTAAA	4805
TTCCTGCG	4681
CCACTAAA	4667
GAACAAAA	4560
CATGTTAT	4521
CGAGGATC	4509
GGAGAACA	4474
TCCTACCC	4461
TTTTTTAA	4396
TCCTGCCG	4387
GAAAAAAA	4378
CAACAACA	4372
ATCTCGTA	4308
CATGACCG	4278
GAGATCTC	4255
CTTAAGAT	4214
AAGTAAAT	4187
CTTAGATC	4177
GAGGAACA	4146
AGAATAAA	4144
GGAGAAAA	4083
AGACAACA	4062
AAAGCACA	4053
GAGCTATC	3983
ACACCAAA	3978
CGACTATA	3927
CTTTGAAT	3784
AAACTAAA	3767
CGTAAAAT	3746
CGGCTAGC	3741
CGAAAAAA	3725
ATACCAAA	3629
TCACGATA	3625
CATAATCT	3624
AAAGAATA	3617
CAACGAAA	3567
CCACGAAA	3566
TTTCTTTT	3533
GACCGCAT	3493
CAAGAAAT	3480
TTTTTTTT	3478
AGTAAAAT	3463
ACAACAAA	3436
GAGGGATC	3418
GATCTCGT	3398
ACACGATA	3386
TCCTGATC	3349
AAAACATA	3337
ATTGACCG	3334
AGACCCAT	3300
ATAACATA	3257
TCTCGATC	3251
CTTATATC	3219
CAGACCAT	3218
TATGAGAT	3215
CTTATCAC	3210
ATAAAAAA	3188
GGACAACA	3160
TTCTTCGC	3156
TTTTTTGG	3126
TCTCATCT	3113
AGACTAAA	3108
GGGCTAGC	3056
TTCTCGTT	3047
GAGGAGCG	3035
TTTCCTTT	3011
AGACCCTC	3011
GAGGATTC	3006
GTTTATCT	3005
TCCTGGCG	3003
TATCTCGT	2988
TCTTCGTT	2962
AAAAGAAA	2942
TCGCGCAT	2926
CGAGAAAA	2918
AGATAATC	2900
TCCTATCT	2890
AGCATAAT	2869
GGCTTAGC	2862
GGCTACCC	2833
GAAGATCA	2832
CATGAGAT	2811
CCCCCCCC	2807
GGACAATA	2793
TTTTGAGA	2787
TCTCCGTT	2782
CATATTAT	2756
GAAGAATA	2754
TTTTTGGG	2748
TCCTCGTT	2715
ATGACATC	2713
GGCCTAGC	2709
CTGAGATC	2684
GAAGAACT	2665
ATGAGCAT	2660
AAAACACA	2644
GGCGATCT	2635
CTCTCGTT	2631
TCCTGNNN	2626
CAACTATA	2623
CCACCAAA	2613
AAAGCAGA	2599
AGAATAAT	2581
TTTTTTTA	2567
GAGGAAAA	2560
CAACCATA	2540
CTTTTTAG	2536
ATTCCTTT	2534
TTGCGCAT	2530
GAGGGTTT	2512
TCTCGCTC	2509
TCCCGCAT	2509
GGCTAACA	2507
CATATAAA	2493
CTACCAAA	2489
CTTCTTTT	2477
CATCTCGT	2455
AACCGCAT	2447
CCAAGTAA	2442
AAGAAAAA	2420
ATGCGCAT	2419
CAAAAACA	2404
CCAATAAA	2396
AGAGAAAA	2394
CAAAAAAT	2378
TTTTTTAG	2377
TCCTGTTT	2361
CAAGATCT	2357
GAGGACCC	2315
AAAACAAC	2312
AAACGAAA	2305
CTTAATCT	2301
CTTATTGA	2276
GAACAATA	2274
GGAGCGAT	2267
CGACGAAA	2265
AAACGATA	2264
GTCTATCT	2254
GGACAAAA	2247
GAATAACA	2244
CTTATTTT	2237
CATAAAAT	2231
CAAAATCT	2230
TCTCTTAT	2225
AGAGAACA	2224
CAAATCTC	2219
AAAGGAAA	2210
TCCGCATC	2194
ATGACAGA	2192
TGACGATA	2188
CAAAAATC	2176
CGACAATA	2172
GAACATCT	2163
TCTTTTAT	2155
CTACTAAA	2154
GAAGATTT	2150
CTTATTAA	2126
CGATTAAA	2103
ATTACTTT	2092
GGCTAATC	2090
AGAGCAAA	2082
CCACAAAA	2079
ACACCATC	2078
ACACGAAA	2077
AAACCTTT	2073
AAGACAAA	2067
GAAGATAT	2065
GCCTACCC	2038
GTAGCGAT	2028
TCTTTTTT	2024
GAGGTTAT	2023
TTTTTGAG	2014
TCCCGCTC	2012
GAGGANNN	1972
TAGCGATC	1971
ATAATCTC	1960
AAACCAGA	1951
CCAACAAA	1932
GCGCATCT	1928
GATGATAT	1926
ATAACAAC	1922
CAAAGAAA	1921
CTTATNNN	1916
GGAGAATA	1908
CATAAGAG	1899
AAACTATA	1896
CTAAAAAA	1888
GAGGAGAG	1886
TTTTTAGG	1885
ATTATAAA	1872
AGACCTTT	1863
AAAGAAGA	1858
AAATAAAA	1854
GAGAAGAG	1853
ATGACTTT	1852
ATGACAAA	1852
GAAGGATC	1833
AAAAAATA	1831
TCTATCTC	1829
TCTTATCT	1826
ATTATTTT	1826
AAGGCAAA	1821
CGCATCTC	1820
AAAAAAAC	1814
ACACCCTC	1810
CAACAATA	1809
ACACCAGA	1809
GGAGGATC	1792
AAACCATT	1789
CGTTTATC	1767
GACGAACA	1761
GATGTTAT	1756
ACAAAAAA	1753
AAGGAAAA	1750
TCCTAGCG	1749
CTATCTCG	1748
AAGGAACA	1746
AAATAACA	1740
ATAATATA	1738
AGACGAAA	1730
AGAGAATA	1720
GGCTCGAT	1712
ATACTATA	1712
ATAACCAC	1703
AGAAAATA	1702
CATCTTTT	1698
TCGCATCT	1696
GGCTANNN	1695
GGATAACA	1695
GAATCTCG	1695
TCCTGTGT	1693
ACAAGAAA	1691
ACACAAAA	1688
ACACCCTA	1682
GGAAAAAA	1680
GCATCTCG	1679
ATGACNNN	1678
CATCTAAA	1676
ATACTAAA	1676
AGATCTCG	1673
ACACAATA	1672
CGACAACA	1671
CTTGTTAT	1669
ATTCTTTT	1664
AAAACCAA	1664
TCTTTATC	1662
ATTACCTC	1656
TTTATTTT	1655
GAAAAACA	1655
ACCGCATC	1650
TTTTTTAT	1649
GGCTAGGC	1646
GAATAAAA	1643
TCTCGCGC	1641
CTTAAGCG	1632
AGAACAGA	1631
CAACCACA	1629
AGAAAACA	1625
GAAGCACA	1616
CATGTGAG	1602
TCTCGATA	1600
AATCTCGT	1593
ATCTCCGC	1591
TCCTGAGA	1589
CATGTTTT	1587
CAAAGTAA	1584
CTAATAAG	1581
GAAGCAAA	1570
GCCTATCT	1565
GGTCATTT	1560
CGTCTGAG	1552
CCACTATA	1550
AGAGCACA	1549
TCCTTCAC	1545
AAACCTTA	1545
TCACGAAA	1544
GAAGAAAT	1541
CAAGTTAT	1539
CATAATAT	1537
CAAAAAAG	1535
ATGACTGT	1534
CATGATAT	1533
CCACGATA	1530
ATGAACCC	1529
TATCTTTT	1525
GACGAGCG	1522
ATAACAGA	1521
CTAATGAA	1514
CAGGTTAT	1510
GGCTAAGC	1506
TTCTCCGC	1502
AAAAAAAG	1502
TCATCTCG	1500
AAAACAGA	1497
ACATAATC	1495
CACGAAAA	1491
CAAGAAAG	1490
GATGTTCT	1487
GAGGCTTT	1481
ACAATAAA	1477
AGAAGAAA	1473
GGCGCGAT	1472
GATATCTC	1468
ATCCGCAT	1464
AGAACACA	1463
CTATTAAA	1461
CAAAAGAG	1452
AGATAATA	1450
ACCTCCGC	1447
CAGAAGAG	1443
GAAGAGAA	1442
TCACCATA	1439
AAAGGATA	1435
GATCATCT	1434
ATGGACCG	1431
CAAGAATC	1424
AGAATCTC	1420
CAAACAAC	1418
GACTAACA	1408
CATGATCT	1408
GGGAAGCG	1407
CCAAGAAA	1405
GAAGATAA	1402
CGAATGAG	1401
ATGAGATC	1401
TTTTTGGA	1400
CTTGTTTT	1396
CTACCATA	1395
CAAAAGAA	1394
GGACATTT	1392
GAAGAAAG	1390
CTTCTATA	1389
GAACATAA	1388
CAATCTCG	1387
TTACCCCC	1386
CGACTAAG	1382
GGGGAGCG	1381
TTTATTAT	1378
CCTCTTTT	1378
TTTTTGAA	1376
GCTATCTC	1376
CCACCATA	1372
TAACGATA	1371
GAGGATAA	1371
TCCCTCGC	1368
CAAGCACA	1368
GAAGAGAG	1367
AGAACAAG	1367
NNNNGNNC	1365
CAGAAAAA	1357
GACTATCG	1356
CTTCTAAA	1350
AGGACCAT	1348
AATGACCG	1348
CAAGTCAC	1345
AGACTAAT	1345
TCTAGCGC	1342
CAAGAGAA	1341
ACCACCGC	1338
CAGGATAT	1337
AAACATTT	1337
GAACATTT	1334
GAGAATAT	1333
AAAAACAA	1329
TCGGATCT	1328
GATAATCT	1328
CAAATGAG	1325
ATGAACCG	1325
CGTCTAAA	1316
GTGAATCT	1313
GACTACCC	1308
GAGAAAAA	1307
CGACGATA	1307
TTTATAAA	1306
GCGTATCT	1303
TCTCGNNN	1299
ACACTAAA	1299
AAAAAGAA	1298
ATGAATCT	1297
ATTACCCC	1293
TCCTGTCT	1289
CAGTAATC	1289
ACCCCCTC	1289
TCACGCGC	1287
CAGGAAAA	1283
AGAACAAC	1283
GCCTACGC	1279
AAACCATC	1278
ATAACCAA	1276
GAGGGTGT	1271
GAACATCA	1271
CTCGTTTT	1271
CAAGATAA	1271
GGGCATCT	1270
AGACCNNN	1270
CTTAATGA	1269
GAGAAGCG	1264
ATTACCAC	1264
ATAACAGC	1261
ATTACAAA	1259
AGATCAGA	1259
ATGACAAC	1254
AGGCCTTT	1254
TTTTTATA	1251
ACACGAGA	1251
TCCCATCT	1243
GAAGGTTT	1238
GGAGAGCG	1236
CTTGATCT	1236
ATGCCTTT	1235
CTTATATA	1234
GACGACCC	1227
CTTTTTTT	1226
AAAGCTTT	1226
TGACCGCC	1223
AGACATCT	1222
AAGGCTCT	1219
TTATGAAA	1218
GAACAACT	1217
TCATGAGC	1208
ATTATATA	1208
AAGACCAT	1208
TAGGGTCT	1205
AAAAAAGA	1205
CGTCTATA	1202
AATAATCT	1202
CATGTTCT	1200
TATGTTAT	1195
GGACATCT	1188
GGACAGCG	1183
CTACTATA	1183
TTTTGTGA	1179
TTTTAGAA	1179
AGAATATA	1178
CATATGAA	1177
ACAACATA	1175
CGAACATA	1173
AGACGAGA	1171
CACAAAAA	1168
CGACTGAA	1166
TCCATCTC	1163
AGCCCCTC	1162
TTTTTAAG	1161
GAAGAATT	1161
CAAATGAA	1161
CGAATGAA	1160
ACACCCGC	1160
AAAGTATA	1159
CTTACAAA	1158
TCTTGTGT	1157
CCAGGAAA	1155
TCCTTCCC	1153
CAAGAGAG	1152
GAAGGAAA	1151
TTTTTTGT	1150
AAAGGAGA	1145
TAAGGAAA	1144
AGATAAAA	1144
AAGGCACA	1142
GACGAAAA	1133
GGAGATTT	1131
CGATAAAA	1131
CCAAAAAA	1131
TCACGATT	1127
AGAACGAA	1126
CATCTTAT	1125
TAGTATCT	1123
GAGGTTTT	1121
CAAATAAC	1119
CAAACACA	1119
CCTATCAC	1118
CGAGAACA	1117
TCCCCCGC	1115
ACCCCCCC	1114
AAAGATCT	1113
ATACCATC	1112
AGTAATCT	1112
TACTACGC	1111
AAACATCA	1111
CGACTGAG	1107
CAACGATA	1101
CGAATAAG	1100
AAAACCAC	1099
TACTATCT	1098
TCGGGCGC	1097
CATAAAAA	1097
CGAGCAAA	1096
CCTCTAAA	1096
ATGATCTC	1095
ATGCCCTC	1093
CTAGCGAT	1092
CAAGATAT	1091
TCTCGGTG	1089
CACAACAC	1089
GGATCTCG	1088
ATTACGAG	1087
TCATGCGA	1084
GAAGAACG	1084
TTTTTTTG	1082
GTGAAGCG	1082
TCCTGCTT	1081
CTTATAAT	1081
AGACCAGC	1081
ACTCCTTT	1081
GGGCGATC	1080
CAGACAAA	1078
AGATCAAA	1078
AAAGCATT	1078
AGTCCTTT	1076
CTAACAAC	1075
TCCCGCCC	1074
TATGTTTT	1073
AGCCAATA	1072
GGTCATCT	1069
GATGTTTT	1069
TCCACCGC	1068
AGACCAAC	1066
AGACAATC	1065
CTGACCAC	1064
AAAAATAA	1063
TGATGATA	1059
ATTCCATA	1056
AGAAATCT	1056
AGAAAAAG	1054
CAAAAAAC	1051
TCCTGGGG	1050
CAATAACA	1049
ACAACAAC	1049
CAAATAAG	1048
GCGGGTCT	1047
AAACATTA	1046
TCATGAGA	1044
ACACAACA	1044
ACACCACA	1043
AAACCAAC	1043
AGATAACA	1042
TCCTCCTC	1041
GGGTATCT	1038
GGAGATCT	1038
ATTCTATA	1038
NNCTGCGC	1037
GGAGTAAA	1037
TGACCCCC	1035
TCGAGCGC	1035
TCATGATA	1035
GGATAGAG	1035
AGACATTT	1035
ACCAGCGC	1035
CTCTTGAG	1031
CAAGGTAA	1030
AGAGTAAA	1030
GATAATAT	1027
TTTATCTC	1026
ATTATTAT	1026
ATAACCTC	1025
AACAAAAA	1025
NNNTGNGC	1021
CAACTAAT	1021
CGCTAGAG	1020
TATCATTT	1019
TCTTGCTC	1018
TCCTCCCC	1014
GAATATCT	1014
NNNNANNT	1012
CAGGCAAA	1010
CGACCACA	1009
CTTACCGC	1008
GGGGAACA	1006
CAAACCAA	1006
GCCGATCT	1004
AGAAAGAG	999
TCCTACAC	998
TAACGAAA	996
ATAACAAG	996
GTTAATCT	995
AAGGCTTT	994
CTTCTGTG	992
CAGATAAA	992
CAAGCATA	990
AAGCCTTT	990
TGTTTATC	989
GAGGAAAT	988
CAAGTGAG	987
AGCCCATC	987
GAAGAGCG	985
ATGACCAA	985
AAGAATCT	985
ATTAACCC	983
TAACGTTT	979
ATGACTTC	978
NNNNNNNC	977
AAACGAGA	977
ACCCCCGC	976
GAGCGATC	975
ACACCAAC	974
GAACCACA	973
AGAAAGAA	973
AGACATTA	972
GACGAGAG	970
GGGCATTT	969
AGAGCAGA	969
GAGGAACC	967
CTTTTTTG	964
CGAGATCT	964
ACGCCCGC	964
GGATAAAA	961
AGAACCAA	961
CTAATATA	960
AAACAATT	960
ATAGTAAA	959
ACACTATA	958
TTATTTGA	957
CAAGAATA	957
ATGACATA	955
GACTAGCT	954
ATGGCATC	954
TCCTCATC	951
GGGCAGCG	951
AAAGCTTA	951
TTCCTCGC	949
TGAGATCT	949
GGGGATTT	949
GGAGCACA	949
GATTATCT	948
AAAATATA	948
CATATGAT	946
ATGCATCT	946
GTATCTCG	944
GGAGAGAG	944
CTAATAAC	944
TCCTGTTC	943
TCACGTTA	943
GACCCTAA	942
ATAATGAG	942
AAAGATTT	942
AGAACGAG	941
CTCTAGCG	939
CAACTTTT	939
AAACCCTA	939
CAACTACA	937
AAACAACT	937
TATGATCT	935
GAACCATA	935
CAAATCAA	935
TCACTATA	933
ATAGCAAA	932
CCTTTGAG	931
ATTAATTT	931
CTAGATCT	930
GAGGGTAT	929
CATGTTAA	929
CTTATTCT	927
ATTACATA	927
CTTCCTTT	923
AAGGCATA	922
AAGGCAGA	920
ATACCAGA	919
TTATGAGG	917
TCCTGTCC	917
GGTCAGCG	917
TTTTATCT	915
TTTATTAA	915
TCCTTCTC	914
GGAAAGCG	913
TTAATAAA	912
GATGATTT	911
CAACATAA	911
CAAAACAA	911
ACACCAGC	910
TCCTGCTA	906
CTAACATA	906
GAGGAGAT	904
GAAGAAGA	904
CCTATAAA	904
AGAACCAT	903
CTTCTTAT	902
CACGAACA	901
AAACATCT	901
TTTGAGAT	900
CAGGAGAG	900
TCTTATTT	899
CTCATCAC	896
GAAGAGCA	894
CGTATAAA	889
TCTAGTAT	888
ATGACTCT	888
NNNNTNNG	887
ATTACGTG	886
TTTTGTTT	885
CAAAATAA	885
AAAGCAAC	884
CTTTTTAT	882
AAAGATCA	882
CATATAAG	881
TGACTATA	880
CAGATTAT	880
CTTTTAAA	879
CTTTTTAA	878
AAGCCATA	878
CCTCTGAG	877
CAAGTTTT	877
CACAAGAG	876
TCNNNNNN	875
GAAGGATT	874
CATGTAAT	873
ATAACATC	873
CTTATCGC	872
TTATTAGG	871
TAACAAAA	871
ATAACCGA	871
AGTCCGTG	871
TCCAGCAC	867
GAGGATAG	864
CTTACCAC	863
AAACAAGA	863
NNNNCNNC	862
CATGAGAG	861
ATACCCTC	858
TAAGAAAA	857
GAGGCACA	856
CAACTTAA	855
AAAAAAAT	855
GGACCACA	854
TCCTGATA	853
CGAACAAG	853
CAACAAAT	853
ACAACCAC	853
TTCACCGC	850
GATCATTT	850
GAAACAAA	848
AGGCATTT	848
CAGAATAT	847
AAGAAACA	847
GGAAAGAG	845
GAAGATTA	845
CTTATAAC	845
TTTATAGA	844
TCTGTTTT	844
ATCTGCGC	844
TCCCCCTC	843
CAACAAAG	843
CTTATCAA	842
CACTTAAA	842
ATGACGGG	841
ATCTATCT	840
AGATGATA	840
TCTCTATC	839
CGAAGAAA	838
TCTTGTCT	837
NNNNANNG	835
CACGAGAG	833
ACAACCGC	833
AAAAAGAG	833
GTGGCTCT	832
TGACAATA	831
TTAATAGA	828
AAAAACAC	828
GAAAAGAG	827
CAGATGAG	827
CACTAAAA	826
NNNGANCT	825
GAGGCTCC	824
GAGGAGCA	824
CTTATTTG	824
CTAACAAG	824
ATGACTCC	824
CCATTAAA	823
GGCCATCT	822
AAATAATA	822
AGACAATT	820
TCCTATTT	819
AGCTCCGC	819
TAAGGATA	818
GGAGAGAA	817
GCTCATTT	817
ACGCCTTT	815
TGCTACCC	814
TCTGTTAT	814
CCTCTATA	814
AGACCGTG	810
AGAACCGC	810
CAAGTNNN	808
NNNNNNNG	807
ATCACCCC	807
AGACCACC	806
ACACCTTT	806
ATAATAAC	804
AGACAAGA	804
AATATAAA	804
TTTGTTTT	803
NNGGATCT	803
CATCTGAG	802
ACCCGCGC	802
CCGCATCT	800
CATATTAG	798
AGCCCCTA	798
TCTCGTGC	797
AGACCAAG	795
TCTCTATA	793
CAAGATCA	793
TAACAATA	792
CGTCTGTG	792
AAAGAACT	792
TGTCTATG	791
TTTTGGGG	790
CCCAGCAC	790
TCATGCTC	789
CCCTGCAC	789
AGCTAACA	789
GGGCCTTT	788
CCTAGCAC	788
GGATAACG	787
TTTAGTTT	786
AGAACATC	786
AAGACCAC	785
CAGGTTCT	783
GTCAAGCG	782
GGAGCATA	780
AGCACCGC	780
GGCGAACA	778
GAAGTACA	778
GAAAAAAG	778
AAAGAACC	778
GAAGCATA	777
TTATTATA	776
TCTATGAG	776
TCCCCCCC	776
ATAATAAG	776
ACACCCAA	776
CTTATTTA	775
GTAAAATC	774
GAGGACGC	774
CCAGAAAA	774
CGTATGAA	773
ATACAAAA	773
GGATAGCA	771
ATACCCGC	771
ACAACCAA	771
CGAACGAA	770
AAACCCAA	770
CTTTTTTA	769
GACCATCT	768
CTAATCAA	768
AAAGCAGC	767
GAACAATT	766
CCTGTTAT	766
TTATAAGA	765
TACTACCC	765
TTAACCCC	764
NNTATGAG	764
CCCATCAC	763
CACCAAAA	763
TCACTAAA	761
GCGATCTC	761
GAACATTA	761
GGAGAATT	757
GGAGAAAG	757
CTGAAGAG	757
CAAACATA	757
TCAAGCGC	755
CGACAAAG	755
ATTAAGAG	755
CTAACCAA	753
ACACGCGC	752
AGTAAAAA	751
AATAAAAA	751
GGACGATA	750
GAACCAAA	750
TCCTGCAA	749
TATGGTTT	749
GAAGTTTT	748
CAAATAAT	748
CAAACCAC	748
ATTATCAC	747
CTCAAGAG	745
AGCAAGCG	745
AAAGATAA	745
AAAGAATT	745
AAAAGAGA	745
NNNNNNNT	743
GCTGATCT	743
CTAACCAC	743
AAAATAAC	743
TAGGGTGT	742
CTAATCAC	742
CGCTTGAG	742
GACCGCAA	741
CAGATCAC	741
GGATAATA	740
